800718238
1487901002
552773578
1078662427
228736589
1627859564
37802546
853274950
1219409077
281763245
1221670440
430260902
1744548857
1260299571
996241336
2000677209
168302701
2060366245
213439687
565798646
580212674
681470533
1155815885
109094567
128462341
1621809017
744066885
2116395004
1177309802
1801068292
814946732
1978028040
1141485646
1367720311
909206819
1370222235
848096227
947009365
76013537
2067505305
1228772610
1297683978
350282559
825837820
410499901
1346523895
679031381
578802602
1259406492
892471068
1144601248
1839619166
1573941602
152933485
1948713733
1702403943
1774742503
545296970
1671315299
804568657
198881615
338778384
635113049
1340367261
1706498695
1544319868
563105849
407111274
343845585
639119386
327132931
1572618195
1936803364
677415490
250972367
199819618
2023939385
930003748
778622220
1135862230
1822474817
1923223469
827997748
1248932771
2076156954
629227834
803853066
1703415809
1174524804
327684717
360500818
1373406419
666463101
995613867
566290033
225478148
392450087
1129395882
632589423
736295672
1768515268
959722354
161430220
1557834985
1637137845
412402587
1757654603
1513593582
1342406336
388793175
501972164
1017397505
164532996
1329969913
118846628
93206303
1959197747
922699694
1796622112
986238903
1250384411
9639283
212161675
1916847513
1005253150
778451708
2142325661
1397703238
1907847590
627431436
2133998910
1528879210
1587153791
147945482
939230547
1076807988
560348070
549401502
442917922
1902754406
938194678
944890087
772668263
1102727674
127376352
891514891
1195933977
2086574099
1814214585
845072442
925329354
917115348
854711725
1137491029
686479213
1859964875
1915942737
681321227
1110184465
1676306679
1308752663
1096699728
1057702242
748422806
1244645210
1996932789
1825230794
1804993280
398850644
120665069
1560264038
1337045322
1065555156
185448653
292289348
1192931508
1076963544
1488223326
1132021959
743694481
185812120
2057351313
1660809830
1040523845
1047358695
199805395
753005072
815817784
881126622
1863189538
344640816
42395638
812405618
1402343058
790818444
2057050828
1251792199
468565591
1714560461
1650642843
589230660
1127340851
840204517
1654785816
1312789505
1132493866
700233676
242269401
473233544
1832255635
985963883
659045664
1742123300
499290065
1699569509
641998347
699095460
305090933
1457816132
1580222083
20796823
1802456948
1622617721
833202441
1057316358
265952517
742769622
161624909
734518108
309846435
1812267753
1323748768
1437187286
504988622
831050936
602493143
1637482488
1531284612
844762545
2110716032
1216056599
1830726428
622278048
810696252
182532845
174363909
1452694599
881628305
479454843
763027083
314366740
500251666
418000383
1936984461
1333454108
1475316741
55453331
2076223730
1636941651
789971439
238586517
1301725756
2113720208
1675773803
1806714378
797287496
130783299
1296713219
181088461
975545844
1259945603
1397145060
658788624
1882223652
60357664
841321469
2056587561
1513052264
1722949774
388558756
128595699
2037316515
888810423
546596083
1826817328
74780883
2021912824
1882270659
3520965
1511370827
524758451
242107482
665612935
490995011
1917881285
324843666
1288282507
2048664584
1621556885
1469370968
876726780
734018840
719032381
1535515404
468758844
779390045
229353225
377862758
144958661
1952303000
766421514
273554361
1842135867
1655231937
820150444
1521469547
1730012820
694579620
1256256559
1733533785
58466800
1781015010
1975641267
724079735
124526373
1746038905
1048923401
1412808880
1647219841
522996638
734696201
376462974
1257015479
1453728582
1911978378
1725774323
85634979
2141331604
2103637081
230593641
1946150956
722574948
504148002
1640803175
230323237
1324298446
1014789074
1960336058
2018878066
123561985
1546386195
2077344866
1904576995
1374543815
653940954
2029103368
973099072
1702864355
1294428601
472835265
78377346
2029124802
849298239
1335392825
1335369736
613792970
913683500
1421004715
607640926
869836934
1651598356
406308234
1592411882
8262710
2047111409
1822735119
1332561156
914416835
1635587529
1203955575
1037978821
1034490077
1133816793
795072168
261550244
1787757747
676691889
1234649316
1343138455
1971120490
1707484581
1421515801
1852761644
409299173
609424978
1040647732
1023092143
1523108478
314168799
1630733069
245461764
1965767156
2037041303
1837873646
1974029866
1936669064
1513125118
1159107375
703602251
1001228999
215579302
1741581072
2035719076
1349396095
389169593
149785672
989670195
1065861482
1384434988
185325002
889498324
944435922
1606840803
594776320
1353735095
68782133
1635424052
229343590
1591890611
1949592851
1860076659
1837352376
1767876359
1749634314
1527742374
1594422578
1538819730
893383844
606046305
94938333
1894612844
821625607
1836519406
1782848272
23538054
78205351
1932633945
1013208249
1144066833
1169585285
1198533251
2033565157
2114021207
657890406
480857829
1320272654
726672539
2116281881
1549616244
171079503
1918391084
1262209255
2008431879
1538783796
864359921
1388690605
985722726
255696003
134590802
1591769031
350634337
2029203646
265910990
39670095
1664568270
289449044
117875446
1449718567
1302657294
1261942279
471820205
353706897
1148023788
438357764
1011597304
1628881617
1758630419
1738269843
1597679850
1160763015
1909349346
1368587286
275488623
1770297577
759887434
1139848544
1011504535
1745610160
1395544548
1146095337
1189895543
1746178885
1027815335
1455806533
1785848980
544899957
1745255578
1903724426
1994618525
900429224
1018183057
318955082
1254136121
18723197
757312846
118249777
1647604814
368459617
1856519621
1097801016
1529222633
1618385319
318904654
1804711256
1241199249
1078792089
797076152
105220136
676918601
45137052
1251315473
1866814145
1791315937
131647160
1175137030
1429681269
676547117
772908960
1185922047
523681994
1673338184
56621456
842637076
779990658
75344653
1599949923
898240435
1722949467
1968409540
607276408
673266835
1350148525
78178080
992171490
1007376133
1319377329
2070963579
1804452286
1424597465
600398532
1849589338
528429290
319729029
1493421628
660076450
1494866060
775619249
1336623567
120291372
1961541297
1860305562
1793629557
2018162753
555458990
426136567
2093507407
7925265
1324377002
1668973226
1976334806
1931653411
194756414
1178999683
2009831491
1186927904
38892169
1181725172
1110407835
1843344455
458838989
1710806367
1545450145
987268279
2030535397
891388125
1647344729
1377917809
1667007375
836484648
1498209181
1481065024
549306562
1144355090
1351744129
1104765553
1570491657
1297767888
1112690818
747385012
819257467
941541976
531554775
1014013881
2120541660
393902618
53458137
11950181
1575627790
1163865972
1855294636
2034466779
727188691
1253261133
874251410
610240440
2144649259
374112491
1988158249
1664172986
1210597139
1338883783
997754362
1759903702
335755225
202014843
717185607
1906246883
1499782732
1829876425
506148247
171556551
623934754
1037703022
1185570432
596992766
1431605640
1239028569
608942947
859749782
255410893
316753935
746732913
982599584
1570015068
1620984323
1592840025
1567180679
1995096814
1433514626
1083870017
1058210305
624914761
2081624379
670630359
960669987
136155575
1387815966
719433222
1635938307
1070208744
1225581469
1807494858
1694143498
115800843
845581642
143652616
1547406483
2084610211
752595563
259672617
192537456
1069349498
1006405530
1175137040
491880918
479906205
620493417
2059061598
327519371
2054008044
995447967
1385729676
531439157
929588699
2056360036
1492109144
1065744274
1296692354
64058718
554198933
219417450
1289640187
214210143
1913560948
1405441030
1059791785
2057213564
805363865
996918348
662325479
1065036482
1189455804
1731674977
2071442012
217109196
76072248
403864569
837602614
2135133846
731383940
744127010
983098165
2117113617
1275566167
1912686864
2025990005
620191664
830947490
1175198711
684250382
1385146423
1394616162
1973890570
1599356566
1160693462
1231847952
511664703
1070423379
2037211818
1508583051
1732748858
954764652
550555207
1316940188
878723017
767664404
1393012436
1282587586
1605267018
1380662634
2013971527
201910380
216277151
1983601496
1477476547
2128964016
1862107853
2097668211
812427858
889822916
634434946
50090634
136955430
460841868
1649447200
1297648893
1692689820
13628256
220588624
1582417990
1522211307
1953337482
389698995
2072766515
1122794022
1268422012
692947271
368322810
403525950
150730641
1748985444
270013829
352641021
1965262596
106131677
1830117568
1946742964
1968239530
1780302132
611687174
710578799
267253430
661777808
847534229
728095298
163741361
2145183122
273301470
177369617
218288098
1855719461
1699580924
24141933
97934808
1624863791
1146935955
1366356820
170327414
1515258766
1769882770
321058055
1116760562
2039896600
673699076
934539510
2146028277
356332997
733798826
1966784160
2136635129
1345486001
529879311
256404911
2007263809
1377413540
984500209
23521522
1375113015
1257801679
200891139
1593401113
966037492
1900472064
1617543046
1063972300
1377852207
616995354
282845472
1548179622
2132254120
2052728243
1869237677
1101531034
1945141195
395453106
2036070545
1943685824
751786103
622385723
1762986336
740937584
1967871724
145381999
997342495
1827651886
1522795540
1981842704
1851173408
750424907
1092160735
2052064548
196342372
2058198228
1805052964
1813885419
974686880
1035421523
283397125
1257532353
436117497
268167597
1162776948
157871527
1369698631
960434495
553324633
1258285528
756636671
1305110736
1880671252
372139360
2046048320
1701059328
517521359
895907167
1381227566
2040316899
730266223
1084917327
643258158
1822426958
989498227
839600531
1733141538
647067543
506002302
560344771
1682489066
789399427
1817877124
2118606564
1057567024
833170424
128994443
279782007
1793604919
682319076
1538067536
402757942
1987429812
1271255140
774897302
1885994484
824830820
1292418662
634418003
58574739
1185251913
1364684226
1143492066
1828510072
1039627536
2132990293
520626955
625285427
632574188
1026629257
1185630198
167579606
1816028684
856023674
138702522
726112060
1689194098
267696965
1005894067
1335315369
950016041
396477955
1738073311
789962205
1667733095
365486966
528473041
345080268
1657905628
1162891044
403655007
695673893
380091622
1547147073
376700317
1419719159
1532653718
897327272
2045004586
17744258
1923956529
1083151136
185323864
1592501565
1939174810
324026387
171129977
1480885260
591723352
1177024045
668716981
1541739394
1573502000
259306644
184217951
1093751448
624793610
712690993
1438831716
135215590
1875582037
1842486723
830889484
108190012
1242150148
1207589801
1527909171
627320218
2104917074
1425430109
645064476
1881389955
361097597
830388340
1326407873
152788759
1154414727
1497537850
1633674019
1746138080
527078247
154907352
1140393826
2100580248
414213996
1324611777
1046848048
1039007607
2037302770
338196116
1174223197
1765401160
33199191
2005112681
1873591172
1275349339
1065218835
1254016695
1902669557
1022652261
531963156
400250385
756558568
893060753
1230638725
2082966441
1045849512
237569805
1433020644
532039883
1983707885
1960098891
686947235
976618063
1913195491
1101161231
153746192
812559891
2140168838
43565315
1150756007
1166908388
1808966475
1183955198
1024537421
1535073999
311820889
2089756256
641607046
67006798
964924869
1173570202
467257183
1721483438
2066630955
1697895909
1656966231
964996819
1935465714
942503227
1497036702
1771689951
755118471
36500289
600824366
520830314
1137661520
754570558
1333390206
1130346711
798135873
336662565
149771451
459618700
1520617764
1174308872
1994692699
1832438653
1116581481
488816097
1899445452
2081506350
1662386299
219218987
1655506140
1581533606
1917114896
1164988724
399046777
1705096962
2107491951
1896083479
1329303265
715126774
1932583768
1930127631
1235957089
922761641
537214542
421863647
2053108352
1335350415
758526212
55396155
1794969116
131660328
1229705027
1642178167
1964098982
198802860
2130994265
1716060786
132825563
1645896916
1935279773
1788331703
1079946875
1704911022
805836779
1478993652
1262524336
765845083
1227593484
444343954
1480971857
1012693604
226987937
569445298
1935455245
764202479
991308945
1841079949
2099552895
1749835158
1896476104
1747038363
1881495486
978697484
1241732882
1698110820
1177500344
1225243499
1266687958
1310325907
723656768
1054484084
951173963
1803603643
611911458
1757010742
1135113647
1874435794
375372177
215223483
171296100
1856344035
1227917088
398284038
278305685
1015888685
1162486517
1269614631
709484987
1114555764
871966141
458477443
714110479
605977979
1437174927
1955843362
156605152
467191624
1033603213
1423293110
1777517531
1757259981
330293546
581207846
1413379976
942205004
190734941
401009976
669157151
566107118
616233459
840453251
274967505
1844150547
1238737289
553273191
712555585
253740159
1822887822
1422040572
1368295923
547370315
1880518015
2082406403
1153348294
1170209295
1890766117
1309953446
1637400919
776885682
585762909
1267434802
386662016
916056455
1848642649
1800041992
1858261460
2039377590
53568320
379934963
458001060
669801780
1220388214
732968566
366468679
311641856
1286241757
1079024264
565382015
961645931
353581188
1933677938
1509016246
86615556
1868600693
514880892
1256824851
1611883162
1824834339
746742122
241285197
263113600
2014176924
627947213
1179170055
1715335925
280505557
889947867
1607229867
334073878
1269882830
2065230928
1003875658
342787397
650715846
1370344337
654429253
1936957603
301884954
1219811268
751119886
655466142
1006005558
112652484
742081698
727122604
627533376
1998906549
191522118
304884067
598165023
432807315
567997667
464858300
1060754528
1747167723
32710577
1341260086
489631942
1639940445
1675333964
1759514773
1557687725
531725974
2102302170
60919923
1902070311
609247775
1997877526
56471617
1829059043
601513764
711937760
687580953
714166248
1454019458
1414703557
1341699624
1305442360
1606225676
1646583692
1903607383
2039032991
67097711
220982035
952303872
1814265434
253692613
146080310
156413729
1893633058
1821414274
1915928502
1303837135
205656600
1870747024
1364757058
2107726911
332511151
1215150936
16714881
14086546
1816664700
728652641
701667499
383347300
35188451
2116371057
1725046924
1340630811
1575113085
1224146968
1096754547
1466662428
1291244680
1317736582
271482652
958026466
1571429195
417562962
1114440195
1317578605
91493588
882885049
473932092
297150188
606148425
1838689150
257393452
938659576
906356438
274108333
952746122
575537490
1002760974
1654413622
958884790
1037949425
1623301031
536448067
231096589
1050930468
1760595035
1327851136
370109248
904356067
498104070
641591901
1862382534
2069533266
1059154863
829339081
1239628223
1150648452
1712224131
1713560316
1447798640
170888908
1404765818
1705192092
1109548485
163638609
1979300425
2062294607
739176099
834577751
1569224581
1698060890
1872527177
1045041964
87025309
2103623766
2095972432
1847620344
1283991254
318598033
604492764
1782095324
960189934
319391650
1704144942
2019344797
1148730731
796289518
1022509601
713471214
362366186
322824594
884360123
1767132004
2028016686
1993908608
1930770613
1859833464
1908719567
522463065
546927567
1330460501
73040307
271971096
228018817
160065616
228111214
176507602
2007685960
1512102468
495105635
464695076
1146714145
1455295569
784086726
703375439
1327156718
1932817458
1499664957
202182672
498805024
1862031143
525007266
1383165147
1481679500
405540304
1229590107
1264966465
117890120
990826027
1787429530
664817688
173802880
1860469837
936788784
401821697
2020535453
1164899999
578329299
1880737766
529518819
1073434934
197949194
1676232964
381246855
982035921
232124756
1708403574
767369731
1731789713
1910586246
1266174755
1446337209
288109864
501856255
780533061
693650168
1731446362
2045499526
811540289
574788741
1685445409
1476357977
748591621
1398431598
265663113
1150413319
1271483404
1430563112
1728742618
1004737522
1960081932
654693905
1202686716
1488831248
1035940760
37238989
1720956004
596860686
804608720
1305262070
359963284
2070783476
604115631
648073148
425156083
1384648692
1341723317
9118797
1282664570
5779958
583907539
820626331
1482137935
1332499160
71574282
1747801048
335428831
1343057686
1030880513
2064171450
200311560
843478797
571381707
1402998276
184826397
1607322467
1440237266
1905782402
56699506
97362338
1063560824
416662790
20662166
1667676455
1064735939
445818249
904841499
258975608
454937047
40022421
264755566
1038844586
860648753
1746893501
223860098
932223035
1347210901
559288930
127797073
230607766
475976732
328108633
1074086563
1047358439
1731106909
1258912961
507197258
1023860527
1017211715
563896764
1121222866
2080772539
980559555
1141885032
1600965346
2045295494
1587703282
358323197
156787454
2042640329
398345618
421543020
934001267
1258994371
20952873
1157861365
43733758
1368163774
1717150295
171530831
1598771541
45643379
499639464
525374456
1093001818
83262726
1784287417
1600199077
1107123253
654015484
16612193
80862471
587304375
997171748
1222747504
40786073
894983594
662967138
399109270
1051771048
558123819
797454889
1473314068
1492125086
2056449260
1494266941
502502803
2100183019
714947068
72169451
124230202
166234961
117812830
623869667
691609417
1210814649
707132393
328413187
663530078
1814255646
982428671
680142271
1895118118
1569733047
1677314020
970381974
1610519120
424813966
1633349112
2009628391
1476585015
43989283
659599632
802415435
1536114369
568565244
149198729
2038617172
521264615
864145797
2110786623
645494818
1030380758
81115806
1269364485
1721990175
1291930455
1976496878
2050403362
1955460533
1643268876
885348386
488119156
1390903346
307597785
17949528
213801672
1918116905
442763495
1847150784
1780261648
1919348510
1891140067
292377632
574280297
1279770788
860942877
723479026
1170904313
1382207492
1587624823
1134207288
2027702310
470521933
1215323094
1149583147
45028461
359769901
978596377
2095431823
167746786
474381606
833296561
655865943
1865284952
1140894346
673815471
2079086625
911527604
1116578966
1778753761
544305604
888443828
1522410181
836683237
1462724126
654697321
1697626114
38719504
1825601634
932349958
1626344328
812325275
812568621
2096866261
2027648369
1962151768
2141894722
239934623
793264498
2089842898
407681409
1267646104
775655811
1063547352
985447408
1916550158
1737362824
917050385
680594114
706458142
548320499
1224899718
1594901971
2070730680
2061582955
910142449
577944353
1611725421
948861953
256062340
396591732
427722633
1068387615
1209160353
377105247
948552336
1023828473
371516321
1188486959
1817092971
313875571
1596168369
937255427
1089531383
512232073
1922702836
858597893
102111249
692269573
1539192007
808569392
1240590072
616608077
255987715
1163837104
530707385
1166130164
1741781458
2142432806
2114992117
1997843798
391540890
395231103
918747765
1600701243
772336350
1867300101
477046069
1143852671
908303413
146655392
1457728243
356988134
1083910820
399775978
869220207
859130008
1258373871
971331457
1551399581
650082230
1779900849
644506006
1266690307
2035888564
1808343110
1797397692
1054535080
1402640920
1792346851
1022043549
1253001070
36404093
1417274652
24265187
1637105337
42127354
1891565289
2114151406
1185980026
652385054
113323150
496224621
1009373188
1197233970
896000599
1878593395
2056363978
6890822
702441204
1460279912
656973052
334858405
2104785918
1923663359
223263321
1765645380
1573577404
1277798401
1020802653
1218440607
152358303
126320075
1254844700
1569632955
150585263
744466389
1611760310
2042150552
711134147
650256688
547051958
824457298
1146481309
1556425146
2021691268
2042481908
1287534893
1930571599
2049372730
1989976098
1243367863
558862134
177350855
1200670133
335041845
400614177
818831865
1908619249
1678412578
1839634518
979576208
1830770881
1965954594
86937261
1252920189
2116539857
831403650
717196851
2011206761
1542537798
1367453539
410775071
219511448
366451200
1967200217
93719068
261449460
1107251462
2024290667
163338542
949743912
1120174882
722200676
1127094768
173361367
1057242521
1527708945
992193233
818378123
1058637875
684344103
1797954331
741925109
502815049
1884891592
1994845298
471871258
568811595
564558501
335594371
2111349393
1932012040
746369442
183377193
150979592
566086011
277096261
412429052
1673337474
153903281
575767594
475597738
1274078163
1297968270
1602692506
1447439531
207727143
982917803
292149116
1026105266
2041555679
976493219
676575950
635997140
1479308269
413983894
483358790
1951179527
982795489
1047917291
139290251
946661234
832445683
885659693
1130038427
983425275
1451745705
1407134689
1395854327
977599531
1561037970
1971621921
1453197269
687632485
1122106543
908406128
2135072016
1329833686
1891323931
279737484
208455305
1785395962
1256230704
885031255
273909454
588055325
1299015149
757268244
391751204
134326991
1805185535
531041455
1080988225
490147570
1416701149
63543005
1473572845
720963206
1470677694
721943524
1698562737
884232016
546081797
1004276358
1571864501
1668188340
1912682486
1559452870
850538379
1656522770
1839190354
1058993684
1294435084
947937410
1944024939
1568344539
1535992735
1095556440
178129135
1927743940
1229883431
1983314671
311301747
163388009
325978593
1728002896
226931014
1799551439
301482454
1697608708
374011315
2000045191
434357076
920093113
856837902
2006221577
440797805
622036740
1418190799
1291336184
131075862
1109897506
202846220
1425510947
2057834916
2146871159
846371838
1446344004
1094943952
1024500973
