804210045
166808885
791358690
503887324
1367206565
633526302
1148277599
972428228
1494427387
455154989
1339016799
1763915176
230451679
2008635386
838936942
283895348
714970929
627383435
2001802443
1882072517
1624258756
1983639661
932147029
267241215
299685751
1249382861
1687974303
1764213150
347156105
1076277138
328704171
1151366150
1243086023
1120062861
1655253474
462808940
1753589164
656047426
1435237169
1100532903
1111202415
626770320
716964431
1341654094
487922058
1555901374
1625549442
1202892988
35801161
1479868237
937481857
1660059917
1316024251
1869628887
1927301132
1615710002
971528100
1467791787
1232439504
1318684205
396585278
1561143676
322566708
1639671301
533722889
1977820182
2102480242
139828405
486383960
1390233763
1240361309
1597586375
2017004083
1957325740
791756821
357442493
1365743466
269822615
1560335481
1401544627
1749690853
350333691
914120896
918231456
72478930
693938381
386457810
1044007030
14246520
1618897315
215207588
410831798
1032557343
537774296
2050503100
1566280232
368110830
2005499694
1706108638
854494791
1248249809
798986299
304597518
1117770244
608828391
1096354340
1475212737
1974571858
1366176955
888064571
1228632837
968384160
1238398262
2142753734
1886615616
1310877192
689208467
125589779
207400574
703454987
1744487094
422608162
1114286786
629560789
960382458
1017306238
48357373
1328493289
875322284
1754466011
35504432
2123572093
405968662
340101950
1093858689
1014797054
1436456290
421587778
841885264
655149598
1309652349
2070518101
1623533758
400566963
2065788187
1362665727
1711444155
607513006
1488255506
1918844730
1310967994
1085258952
193969244
277771132
1714819741
1154351703
1295077370
1763177114
335361344
22916006
1370159478
370865776
2146488099
1776128140
710967726
1092863140
643441546
2147424017
1514450918
1485326810
655089967
676619620
1408361264
131140077
1077186583
1326665803
1493805804
641147091
1934178810
834577662
412508173
1097663156
1919836614
606477417
1375434288
1487172707
1760829120
523028010
1102866174
2096190464
545944016
325542004
319572592
544948467
2101670144
1030540319
1637811607
597628043
1030480688
1004778877
2082954853
1685570655
1681398497
1343832469
1816710732
611101433
523014625
1163032889
1252248524
309709787
1997610551
1664756697
1407372943
1769963518
123750466
635323583
1109652577
1884579587
1158351593
65035103
1833286403
1704295609
390577107
5375348
101760428
344763604
1035915667
1739572035
942391647
2066396355
596867264
877862852
1604483362
130782114
74211674
1273710446
741883547
597226299
289259687
1994132071
906936086
139386591
1511405120
166825381
1909350109
1635155586
802148964
871519038
1372251525
1960500557
936554142
1058054281
1517312518
1327131249
1063429629
1619072946
1671894853
2099345296
1211161333
466802852
2018258003
1808028597
1344665705
1475257717
1938810711
1418877379
601484515
533210610
2016103678
890744203
379859033
775556116
1030130794
1891264153
942381497
791997255
1378936092
1744530461
1663516293
603703969
1557547370
452586787
1661758250
927376240
1779718037
577704231
398965538
1304129242
529565879
1610126871
1770932095
400340234
1270671820
968114152
1875597951
1061998884
239507883
329598819
1595209494
108127913
1220343022
1975068528
883684029
102990168
1718849033
1826065526
894987423
950301477
1423112339
411020068
1554005447
833176061
863606856
1068280049
1760552301
495841245
1645984281
12034191
1799970487
28066512
1622161062
1423418934
428406747
745349234
244049438
156521050
1807348118
483557321
486119869
1255073965
591685234
1706462891
1082658845
1475369263
1809453059
654024230
1153951141
556956834
1604325708
429579832
967976903
1010847507
1262755893
1831583759
2079127556
875824546
179941356
1577628189
887858737
1979911843
1605694702
362536151
1255847130
2034101449
1107885386
1499896568
43138851
767749856
1983453890
529258721
2022823821
427655476
88237964
957999018
1903024740
1897691024
1612023249
909492233
307164210
1068865309
1339072066
1275141113
2079712816
454344311
959241224
2011356724
1330168858
1139182580
1441501266
70543947
971610776
899712320
433080099
79974258
786330121
1540965485
1579870826
829468972
161231693
1415841068
1358727693
36571867
1843496545
1446965658
994570885
1599037637
1197173034
459110486
361046222
1504337244
1527975795
1700118288
631994710
1460204963
6978952
1591235934
1324078040
1337147810
582934867
618095658
1407691757
1554545643
1517807978
1840771856
1634519901
156654451
1234253693
1066907079
986123423
1395485387
335264500
197367469
1432057254
31277397
1644333127
279144491
1630315034
694022513
738254978
1991361256
50876109
118747125
1543995897
682870819
1578952089
1550974849
126623106
755546481
740639011
709557973
1373642139
847120
116619968
743966469
1841618977
1751139869
900620920
928389022
670563300
1886744343
176390761
1005827800
2084111812
1608448015
1037105197
1580961291
1887592507
519936583
127500156
478363837
363814192
178376266
597110962
1907810089
861247085
28579403
1311301290
987870191
784125884
2051940301
1697428164
10284375
2052787421
1814048132
754250844
1746922750
1417704353
1654871764
527828125
2088267654
1394132460
704218886
946611806
1330760624
165183254
1983717004
764238268
2052775761
356169939
891738424
383655950
719984131
1070114690
980766912
480310572
1931361776
1009346316
1791611862
771748319
1793472200
1696068515
321692836
1803756576
1601372289
2135740968
410523772
1200811391
1405961674
2065395537
1728639516
1346745680
1312044349
285374755
145873838
495321325
450558009
2129590842
1259559593
355850122
338277134
3814370
739506072
1058261265
1073929060
1720272984
1538571838
857807188
582135652
1182700052
1629555508
228124205
731284920
1951248344
2031880781
185173561
1939505664
294920905
1385984952
1197983690
212832794
967140821
397245722
1524877143
1252515576
543119561
2020198469
1703073585
525226755
1132274414
2058923707
863503889
1136088784
650946131
1921765155
62534197
223735467
1312853345
920341385
805871120
348069749
402413245
1033995325
1079354669
206177941
918392458
1264528230
2145683606
1213313363
503029535
1196183648
1426146158
1470170356
1593429371
803539653
575202284
2136548932
676254474
130792221
514292039
1808528889
42232280
1377795929
797134025
693178411
1152077436
859668222
916913878
317447133
1780009608
1722784998
665516882
34939205
609296675
1744871552
241117147
1527689133
861916134
239317105
593518849
1364945669
1435500753
2019665007
687632377
881446476
675721012
1262834661
870511760
1351975487
1393626882
1384803800
1013020728
1435859162
615116081
1810154753
2129037573
1767193517
522339328
898467804
2084640650
154865288
473769154
602673884
189804493
1083065830
200061788
430921640
463271315
1061977923
670238745
1056790164
279439944
2105739499
928971523
967072322
839702327
1604692536
82423335
1710214088
809184375
1476050218
947534240
1822205103
764425732
1562650321
1484876208
745979658
1182360190
2007215536
1644447462
1119517192
14597176
2118216616
1722191076
204401670
1053798798
1922252865
635323310
1517070114
836747140
1305562056
426376630
1116187084
1263817907
1355348154
2083259406
2103520234
812557042
18199094
1666250674
1621741417
1494249312
466301266
1296462872
111191396
2028951587
633855432
857171054
1063828129
493587321
354134868
35861673
508184497
324867837
1758052750
712586167
1378666635
1532821967
1347909478
748253101
222085459
505987886
1174629732
1338272543
1769805793
382494238
1274048302
1725842379
1195051280
1292247396
1244609406
669309049
639013060
1710910672
1965771921
750204456
1592378612
452143705
1607375511
508723093
945731026
1961510379
544584767
1453915524
138894568
155153869
19018043
1517561204
1687975836
1366927521
118330657
1910061295
1872915407
1292960389
1100850190
1495237552
1675454627
227414844
1073596284
723022259
1519662240
170722042
1392331308
11191652
1881632714
1210619581
761396109
1326527678
1662763287
221287972
1835250772
461010665
35314703
232351891
1914926189
174209272
387505760
1933944233
1691770476
2075481596
1153388106
1810101133
1838059243
878819866
955577875
791425785
226573770
483548854
1018840630
1300170054
1206571114
391019222
1470892096
451418774
402210875
1205041163
1662038356
1163606984
384085193
1177317995
1384894956
71852317
1638328660
1420209659
304204208
1405771202
1594418931
691709968
1192231787
1138705759
619707916
198136245
801323245
310283511
1076956111
1756901120
1101709297
1303529882
92966326
2120549927
456216288
1299537440
364085501
1927108385
1750956215
766296376
984665900
1265510923
1929903360
1368751093
295345270
1167314668
1440603411
1933673930
440040680
1744807619
1191961484
2034459611
289033940
236709623
1025681723
908741856
434845869
1827004968
1219025368
1511801980
1436422440
173251017
667848214
1529388766
146317296
1124064503
681442559
510402797
903689240
284915126
1276699174
1888355140
1550426049
1059118886
1109622585
1845771319
78949907
402742348
1631961601
518990587
66320
676439438
405966550
289100260
913149061
1431648273
1197842116
1347994930
1111169593
269383836
712313263
400108385
442634853
1380161477
1929497152
588952149
356742332
463456063
1099354947
1260431572
748371189
228570473
1001303064
151313590
1287689359
2110925650
1997084909
1366639266
366184350
1481562862
1885629853
366250670
10518652
144112756
655350930
923667714
1575761029
1853193047
124178996
539446975
2122576883
836492259
939555360
417728089
69170089
721568864
1006680238
425912421
1185024927
2106035185
1686343994
1933396116
187122010
540163410
2084709706
1474811370
503605412
1934310967
693966988
869789763
1268390182
432113194
1236040433
1278908834
576225950
1891391364
55092900
4503331
1597100763
179271897
543950306
1572193998
1015764156
1483505667
1989922087
1084934245
57590883
849118678
1510846667
1242615811
807670215
1049707013
1028528279
994792226
1589870423
965754338
322119948
2093475836
752581657
1016086936
815781951
2020971839
1448200130
2051822384
1152397026
2024426080
1795730100
1207489926
2028929412
1245347215
1386761823
425396070
670057566
255042332
1908901737
512496005
1339976577
1966492621
1361614683
703339596
1061624784
21801251
1753046609
2090153063
1016593477
1195433385
908423753
1338713425
1141425573
1661005411
207316713
1957207524
1534493602
1655516844
1861546260
539406980
1532459276
1509792713
1746896907
1413905040
607656280
986175082
1839301111
1277713846
1241217414
1600719200
1790209852
433710344
1419728173
1004340887
1137049940
333869309
1026142138
742612902
276538725
2042735615
1938046287
1184962478
1233965392
931988212
698484241
1441282106
741712088
85494196
949315302
455774700
624901176
334290930
1965567413
224314435
1748195971
425740046
1210489518
1440013434
1703453892
304223284
893248986
1346180096
737933628
165493512
203037336
1874983569
499362821
1229179474
470112823
775901546
1124431442
260675462
1960864025
210913186
1192663674
511864618
1652195292
1934375762
597358814
454026946
242666814
1222259991
788317877
60750580
1446574426
389030200
486490626
509580296
1829043634
42460870
813803581
574808972
1388640967
1551737209
740302484
1591678303
1279237130
1239665306
673374129
1749349953
2015566852
1797805571
2010025415
1828947229
2008718758
1055205441
193328200
1513430402
842097555
790687014
1967457349
1084764370
2012947005
608291578
1145514950
1312037784
997321778
1632005576
1821618080
678881764
1674466446
487938013
1253690736
915623765
2039675223
1993993221
359818420
1171428705
1086174879
1033192550
773295011
954258083
683514473
635836778
635721665
544749583
1691042220
829049865
2058179986
385656127
1619736879
1878153687
1470420497
1485200237
338961617
468451799
649754373
1336283395
2100457375
323888805
2015165159
1627440174
811826819
1121372247
395580291
704018394
967881820
755398712
1875447099
2054056699
1788591262
501258462
860831135
324622087
1137095241
1496552800
869371671
680653813
178119017
780068009
1066309940
1797855896
510738048
389246790
1135572485
849699665
857698589
1785326858
38499412
810672317
2109215664
2053664571
290628843
773558835
1027553170
686209134
1477577229
1995434991
1441607846
1205540680
1902008042
1082715460
1706799143
615355529
1407337548
696410736
2111908329
129225571
1377064549
142543698
909293580
295890841
1940399595
1420031628
685137631
928488432
122247645
1542836221
566331643
160747057
206024890
528063659
66927980
496653733
1301622494
1094481150
1182862867
631716075
942432493
476987066
1837256755
696956888
1559702526
1396572250
1312312417
819556426
2092982986
1276737099
948781997
1322563887
1419280797
1858075577
1618454729
1212196744
1130623557
156108712
2140685177
1252871202
1698944933
559533172
1413618259
1904969823
1087596831
1480546239
254139908
241735677
427543742
1437002776
873451752
1369976235
1913989842
563224859
2066933123
1326208720
1959797110
1231761893
2145765147
1905296448
361015344
947063496
1080376688
1780296141
657655426
551347769
845009238
1788278983
707456481
838210767
893666538
258917767
1397743939
159801149
16403942
337857122
1640347389
270543851
579592799
2067891131
1707546627
1453044551
1290383718
1474052821
2016269410
1209833194
652777893
1828582872
294111439
651059392
1586395673
655126783
1598122889
519288713
287939276
108294667
1070636482
1132948514
1896573650
1778092963
1971159281
642756540
2037010730
1221419572
802557690
2053414673
1559276694
295421431
176474876
2138869493
215828914
1884021503
1444430396
1506212632
1210590676
1313216159
568562178
1863368569
994315383
862673617
366944314
433227408
1517800400
1965067203
952516121
1805739677
2073361870
2023152603
791204543
1822451872
1653761919
614880177
317724765
1543289001
1836299749
1120282455
1449220026
1248092796
1415703886
1625694902
1239478641
1631532800
1362232757
536425390
990261784
425339785
1849641549
1558823963
141224707
696473284
274013932
508169021
1129700693
1791814333
325752576
2082216814
1450070362
251630798
1957885770
93791257
2074082670
1464164041
708671434
244323787
859969394
397487536
1364606242
161705773
1645580332
632826480
1787400675
737575325
116875632
1002149785
1274000715
1107137417
1427489570
976158616
518477732
1568714277
1672631901
792491664
2076883298
654848946
436822349
255152226
589582112
1886892711
506783024
399984234
1980683969
433382047
1864148275
541871755
677705834
576634022
939359291
2042312077
738339795
437455975
527654909
378256822
1175031301
644530542
1380406607
301548368
1751667959
660412530
1277706985
122662043
81643159
802855238
915153707
11042810
1457704184
1351976057
266195036
2047286296
1091385120
772978061
299786883
924585441
1206360108
16451510
1466457197
1884065942
593085532
258332840
1778894371
1331425327
695788816
159065633
1709682150
1870820117
803596175
942605109
24884837
407780486
1603017639
1302591822
530442529
1684660799
2105447060
1445596236
1695703609
1415667596
650088645
1961898645
1315470245
1741473766
587393058
1615257128
518575559
1793753166
1631708638
1985032756
1530335461
77310523
95881949
1161746184
1408735850
791670765
1320811817
970934352
515007234
2124407992
1913539462
539892071
384704830
1369073453
1842483894
915147359
906250604
1800447306
213259948
454470565
1068631255
863348593
268885563
236617852
457338711
856278621
1851874980
975914271
502548140
1336099970
813463379
2032883601
1413410493
909345328
1047146137
674662696
1701016093
220474307
1645597048
68539679
197398651
1411652862
608431751
582103482
633242668
303431997
1497250841
1539493272
2103879303
1710510789
1993963838
1025026910
426375735
115365753
1261644762
883714446
971644374
966036094
1859628717
1474192514
154652417
525608449
1359592467
1568062910
1434953777
259254957
95241958
988486223
479729264
1740839007
1057025902
677127915
1005008221
1665457653
1259231397
1638250889
1968889650
608998591
1030260514
1925285306
172025732
876740704
802828568
598401467
992106457
2064473331
1482115914
1963750831
883025777
1194260983
1290459698
1037678194
1719869432
502568517
458257457
1007339562
761823474
553499415
1995825785
1241552738
146854774
905368039
1918680654
1151862996
423342045
1030428403
642630237
244748047
1639426994
1672890751
22549705
1811452727
402147807
825378274
262370546
1394254264
742367957
1744486460
1210521448
1625393734
791263796
353497498
515588281
363649580
856066015
973845738
1370989142
1617889490
1527345153
1219331279
711958580
1674199928
2124699319
483155586
678579276
400557716
1513583990
1321209513
645305763
1005527336
846616617
667855469
669496415
1248764424
1493233743
931866962
495535041
88118052
528869774
1706056489
1713511786
1320133570
2059553987
81616419
1683783151
768136354
1055462157
907288645
238542196
435323663
2126619925
950500777
2109523591
2103835596
1433656363
640619219
356909664
799756705
1961828732
1002215427
1805284042
660961701
1670070896
327296809
1909726126
1015820991
1259163771
257777519
1103939043
1788033546
1963834008
669967182
960683468
1875904347
751583601
496982971
496557053
1807045759
1404271617
735099250
94885774
1383407894
1685600027
56925717
1339759842
971772742
697544936
1696669506
1771529448
511890020
551401285
1429329842
1172851722
73988534
1756626651
935094200
1089809525
868306775
1192871719
46264921
508856673
1009222079
716232103
1469540141
737642778
1467815704
1966523113
1234199831
1127377815
1223311082
1969299081
1222263589
459235328
1507415460
1279189306
1798995170
331704555
1976734242
1348181028
2103234003
341140615
1899582313
1385080197
1513992337
1973570847
994223200
301602889
915896725
1862529975
1494474608
962161646
223903000
356213039
1678393749
1693443142
1093855817
998725805
1512482607
180572000
2126103621
588310041
2387434
1200883562
1047545369
1509802894
332589221
699056891
1841507449
161839815
2047237919
1797257804
502980430
1799336584
1034854353
2016972767
1625423784
2029077554
171092008
393836861
1744123881
1665566616
1355998507
1968026882
2021779655
886908608
1513986376
968151824
1885634413
878985335
1148723825
1864254386
1467295376
1151111259
917654301
367357097
513430505
1250243522
1066413988
207454307
1412083337
966168259
2004712111
1915063768
618021195
892082817
1784552887
95961331
773676723
1955644896
489798192
370316956
1473727864
1845796699
190860190
1348023872
585221659
1704846566
168692048
323372425
436348253
1317415873
40143163
1903643629
321043484
957797464
123517078
834473990
60557338
1189931066
1041928297
1472640676
8615677
899156760
1240220796
626636873
1791239577
877290035
722598204
417432652
685451283
1212396397
787749609
11695500
910709448
978609799
1359719372
1495931108
535972718
1528411420
1819303533
972320971
698343646
1859446696
728480953
1019387130
669760513
851998031
1853861120
730317851
2041929098
748305769
55474879
2050544775
1647462530
1295695675
529698000
1291218459
25502063
1252296205
1708651112
710953346
317208954
348917073
722648846
1227918402
1327526872
2082368218
576365862
1863499590
1463295991
248185747
688336914
14155989
2107632444
1416817867
1033543119
629909309
121332250
739920592
1360227160
15777700
1488226361
1415702040
2066322476
988205243
563914067
448536828
131940055
589416130
1700833033
1840591167
1300369477
2018041987
42024592
2023018323
1098476742
1369551464
1957902894
1674842604
1085567407
1273715237
1923028352
1773904321
1287871226
1883177148
1043238540
173930697
365602809
1164570790
913851289
1725829969
1180348491
254594003
994048361
1099187319
1242799246
1557962429
1547724147
1374739301
2147378559
1101073533
1067846820
1300264388
971631872
1109871412
1175799064
2070108614
331939229
986218310
1597467571
1417506636
112449899
1373012275
1043927309
1400321125
1108705775
2087165849
1574251822
1474308584
1104252991
340619464
1052654905
137117834
595213467
2046703267
1236305153
1838012713
1457182048
636545653
1065268367
1457076959
1737619186
2133115187
609857700
561767410
1095502952
1785656764
484392377
1427442181
624391426
2081859948
697465169
736841325
1307388575
1741392478
2137162450
268610702
1681074679
1563930624
1742919286
637844022
1904550088
648090543
774961857
352279907
547310162
2011267010
42808973
2004492210
500329015
1108077340
1314085522
90464553
1093708879
1923943222
652231964
41728183
1562116338
1136624341
1469170364
39024116
1071000641
19151885
775865441
230905568
1760544363
765544243
499516270
1294135394
181991219
94951908
1931979417
2086541308
743042451
559457626
291337567
1290352614
423240988
334146540
1147361176
923570004
1442223880
313963050
1014034557
388449112
90422624
1666266521
430177295
1652538962
655407214
1899347660
1691563078
1726407855
1918499545
319944871
1957313423
1531560261
1085489114
309346045
678212007
1267480334
404297953
462707776
1206537994
1147340405
1022165402
1497875561
290209371
1445406391
1832022102
1437570547
221492747
1126762334
1751533598
1235527304
1515211446
1841956222
754310178
1945388742
1347011537
1409717392
1697252754
891090967
988641600
1468268651
1211035839
798471375
852345264
149041305
1107817421
1530557272
1416521639
1512115374
1993265048
475575985
511972131
867946803
1973451547
802181502
165869546
1657990001
92268402
387362293
637268687
1843802000
1622889597
4996486
1538274574
229716127
1950385228
737802463
1639433520
1500154334
1628893431
480591472
820939337
692445622
1279062847
1673284602
841486927
239396620
1056358226
110524919
1751511995
902139626
586100904
116000478
1770086429
412068803
918181981
1935955975
2070058804
1010450383
175834620
559843844
