2140711096
2136640420
1536375666
1503731590
1275904939
2024792820
218341927
2082756155
1034998059
1847306938
911737002
574579728
1699488408
1734531232
181532243
75504287
754502831
1050142381
1498449648
1787690761
1454068787
1608437921
1056640580
2093676837
234557433
1204835729
1480497903
95304650
1406833112
255220552
1349193114
1400060560
244377324
738085132
756308503
1520282263
615394304
974650430
1455554771
1650392363
674473720
219808125
77488443
226478481
1954339357
259020686
301982768
561358541
1309163067
1800432416
201565654
615748207
1261386689
1258206234
561941396
1495944123
315558315
2042439300
1591248773
1722391427
150176204
792958240
974968340
394553528
1531043372
1731276843
1914835791
2146437677
558443625
1222906914
1649346392
1232917345
1442715039
1726834836
1459395826
1249570749
1985855522
1761378594
1810929290
1147534942
1414327363
2012494944
1763283149
528230404
1123217530
177740897
2024174527
1438775845
72696549
1467939653
1013683624
222872753
113414245
1988651964
617426281
1644457617
1572445159
384778425
1643411646
2130888784
1607685339
1145274391
1216322482
902916731
724625579
528234660
5003832
562997453
142129607
1815933122
1710532395
1556456970
1680944418
1326331896
2084687374
656678300
1504072794
1961378254
2095454145
1576769343
1281834259
961654121
1799642097
1395248504
802822438
269584730
892222473
227783949
654363155
388150472
211189086
114564847
1533424863
1427511568
1017481578
110566794
1955746228
1022485410
673564247
2097875835
690934884
236612995
1506849157
224395654
1562944891
1444052884
881073954
919534037
1257947490
829044451
348819733
392298101
1790698572
978182
1787546605
446037362
270562912
532285430
673821312
924926068
920435902
885010398
1039490915
306377117
165038318
2056972493
416943911
2120784546
931974255
1090508159
2071176734
1622909139
1327121154
1430542243
1847304793
742582397
727111479
580895099
1662116435
1985058969
1409939550
2010936168
229873422
1053154474
2011914350
2017420027
1499191837
134993614
402221810
25529501
1059919682
1322657712
910539899
2099410597
1629034830
1075578217
2008899442
2045978741
1048879115
793390049
989003252
972572201
268815540
168640758
255630797
2116120333
911223156
982742276
549531784
425855943
820317598
1959471334
289308463
1050191020
865142161
153739165
920127400
216850350
288732779
1322349210
242379851
1348652462
497523274
1152919750
1300579411
2126558104
81014319
1161995206
2025053198
1129893434
1955385255
866572802
2102465636
76717148
1035213561
210612785
45353833
1946436717
1193355061
594885618
224809012
2013672659
406873304
514117475
916380032
1272015465
667856640
1836507432
1488865815
956589419
1011372994
1731245666
157758233
1508896268
736681768
1458337645
1487970725
817696087
472849203
1365540275
1947589522
280750810
84629429
1902571510
357467958
1119842990
2113184295
402821792
918796059
1159055708
997707410
1143605071
1025244720
1404580714
1657722546
1941624752
529112532
178095538
1630648536
2017978347
1134684958
494537882
1601740366
1292443191
2003434150
190938486
603297188
1343921227
1008634574
1076146391
561977854
808740448
1356897202
646607284
563828310
1714365160
1766450274
529528957
2117186952
537762686
1688584665
967410714
1681367757
566345737
224507781
1191606656
360486841
753620313
1369702194
1991135377
624115012
356903504
338189611
78371730
1649346696
194140114
269310217
105160236
1538061341
1277944791
1181306628
2100039196
2086685239
390720182
599162832
503029901
2105085342
218129458
1032558858
2074788647
755892144
573659875
894715713
289776254
1140005613
1119223494
1481382910
1500492454
1872843807
703601456
1344144184
349475172
1060504961
1682333795
427846902
562368009
1876473909
697157119
667528245
1267051603
1975101910
1848834873
1219607151
1914303501
92071407
1818769983
269849754
49673102
2036899441
1302408612
2124461749
645307938
1876068488
871693814
935084192
868590453
1990917309
268983454
221599259
1716277468
972584910
1565743443
2065752640
2033089871
1100593591
346115895
447974232
829583852
1043273014
1115502478
2096635455
870891277
816853703
1168758958
637711130
908925111
840045293
907560885
958598213
729461087
62485849
935576314
1374769025
1938554337
1807270128
162369569
659661142
1650703789
431353023
881260402
1219497610
1403937933
299520197
1137766602
1289544157
1400113788
1483882497
1737518389
82213993
379671864
705537219
31365800
1250563141
1522390923
1200124759
1888274271
283832386
2040170052
648351508
1242430599
622147491
710837358
30523265
1996916516
501908047
1837793393
11802437
1161569190
1341013535
443155460
2042829592
413027497
1847093394
194866141
1550794099
989153903
1594979930
887192949
579188644
1677193923
1266864813
1284725864
1708559723
369944306
659633139
761200834
110734929
943465525
653887239
759086438
38412476
1276034730
1469923796
68935741
1125467599
1971831843
1906729134
1137270036
985917385
1100259021
1580425497
881263329
1513286518
1280035243
1076129471
916596970
121705498
523625753
1803789919
700894142
53336028
923171084
1985620006
1761895751
1293115390
497769497
375612938
1403850319
1441235022
1029500177
15453109
1479647498
158051259
1485376905
1548583239
1283518858
1309725101
1307828726
273305247
148158838
260604099
1853730744
1029422168
1773890618
986282339
2105551639
543003940
1107987837
481693744
199310211
1808881979
535029772
1122481295
1647018338
149441875
268113037
2144787835
525054813
1671963356
1438539210
1554554990
1687416466
770703060
1712606250
1025309723
171802652
848641460
187551176
1479631378
1121946707
335710015
1740235477
828193803
1365132183
1366642447
1814476142
1323200174
1909646387
774980331
1804893918
2108956598
436378663
192440042
1083954245
2083397001
341881917
1352067282
2080701188
866936731
876546991
1371756750
274008073
416479809
2142459811
1986614323
1441789532
166778815
687772136
1629340709
1646410193
1809718843
1965050724
1239162022
490428999
1182699259
458320822
157421493
358415785
220483561
932401825
15826055
181956512
1368780488
208266097
1265910757
1304693841
550148014
470494392
1237911381
1417084745
1347041383
462184484
1691092819
1763521192
457160647
1530223494
1057827076
623939462
70511982
539684137
122866007
1880230826
357251213
1362028029
223176177
1539950472
1820348851
380597670
1898366257
2040832413
1312999495
1914192312
75305277
534296335
2122458409
1341216034
1838990176
525122776
1811710426
929417910
1942207521
1011268161
1391602394
1485816692
627305705
1848763041
868556539
1685132782
325218855
939068521
77333271
448084862
671815699
434584485
1810112891
894991876
1974534957
1482978095
1275589547
1725417567
1376326860
441105394
1492126231
1451632137
975401730
1467100993
645364523
666908258
1992223769
309591302
1596326168
1786947642
1320859463
840444914
1125280687
1948165169
541724307
1993837226
1485814303
866943162
785422099
1563147574
1315028024
1457237799
1997732059
977657268
204746027
1824783369
313151715
1480335574
1402717288
1689478575
1921440969
747359871
993627064
749359051
66977216
1638991587
1416267309
2059200985
1948582889
865109830
1698664980
1121958705
1705554744
676462019
922640226
99795404
522815597
260970881
966738566
1308237696
1824118455
134282943
617991847
1674366867
1111940211
822737875
1351666588
1425091926
155589801
606900228
967086853
2077030770
1354260099
1960713917
678906173
1421237316
1452221856
2095173483
1332954653
1253321098
812799665
884135985
227796155
370870761
1560598004
1150436381
470666165
2083413601
1411407262
1437404732
1244167650
1088042069
1571687675
1862159497
614925288
536144238
537413724
1966591876
1961236164
693003526
426008456
780839369
622550648
1780268556
594069638
1301456822
1054022224
2046291494
1249146657
239493229
1152128944
2061946322
1123629215
1379925099
285333435
536743571
382877832
755999601
472673525
1794285094
45920685
1716841175
734843516
1617608360
1431517024
1349768804
6268950
1968930749
1168877033
1967505114
514450627
1594885489
600860835
1137001275
1227670397
1194930473
290974449
134208973
1093738319
1540121106
373702203
98383616
1454583780
1497331418
1478308715
1739917216
2034074989
1861186548
348433169
359264866
1507987994
394353854
2076106041
95347862
2011962214
1360139418
1445116667
2018231164
1181586519
466510052
1838252630
1696037146
2061395541
291629817
685554773
1141582291
1486560290
976529223
1275791264
432814961
369166681
1649493467
531198577
1823750462
999341237
2009507293
1416184030
885932579
1723210193
1764617199
1245197445
1083714539
11487405
1173819839
1179062402
2023449619
386475609
476695421
1894197135
1568062128
943205473
1584966117
1116615626
857117366
1876595934
1802170399
1998699657
1215672576
631215974
1127007274
1648487537
1000382656
629017093
32202467
676649470
1628358331
2041709760
2092833500
366807262
1617436305
1709967051
1612004707
553667196
1721454456
638340898
1732729598
1597420427
1024816507
61941371
1344133914
445394987
1005146844
781616383
1562010613
1862264211
510728669
1216697365
1713480220
1726401245
1847913339
693003846
1227405134
700812347
1322020940
1259607601
1377461817
802895623
1153833713
1322811669
1169702885
623786370
885295072
634223944
1177453567
459265880
1272564843
762699517
2056686307
149897702
824640889
1253336573
595292690
1829787733
2034952956
9819655
1544568296
398197977
1226517020
1110564869
2124599222
926946712
1803568715
1204520709
1627759059
978106007
316644662
857737229
1781001630
1470478376
33065250
803220867
2094264746
918360323
1437444812
1124234665
1377626203
562526007
1886934183
1286828863
712423709
564091424
392681788
1307716399
246395509
280151097
1317536055
1790963806
678349074
396569427
754045027
655464649
1323516139
410130094
1859985358
803791551
1388236102
29146372
1661528780
1021754084
1499624748
1694594030
1824974952
1446405847
465470705
1114936116
423156864
1843096909
1677462123
162607399
982442124
242402184
726698823
1375123912
1550118584
973094333
1655275009
720170991
616574491
186140436
1116740418
1370619518
841605085
292772910
1780749612
554106795
1096564461
1021502066
583253167
610609593
2043256151
2082877916
157719975
1720747455
1381800115
623190681
688199923
1804956979
318803942
218178398
1967564379
1301246066
460580582
546779554
528886330
2010699166
1519873887
36677692
583386509
2136448378
222818128
1700126928
1359584248
1064423213
1992899838
992850213
1618530008
941980651
2014352279
54299527
1552590244
1910124782
2137177443
1710310219
1483388589
1371493910
186017252
24104864
1028967242
504821194
242283262
849047973
1806067260
702863845
1395827527
187469943
566079363
768217767
224147635
1149465873
757182497
446965763
702109153
2116766746
1511388976
547525343
962133311
982435336
1489505994
829001942
1036734863
894612590
591643077
1026428659
457439161
2075031666
250438921
643456414
2099136531
1279406163
1148277608
193936145
2128454136
806861221
896799990
1376798016
994331164
1462879354
2145015783
1218478799
464861579
754714632
1665444562
1166970732
723997730
1029349890
1714496075
1686131041
2011785226
1056518421
367649336
901036441
1951131011
959292413
1927465100
261086524
886840431
30420374
904542938
838493314
1309826537
2052820547
1032429460
1290797026
712198120
1929229450
520111394
1706529284
1244625156
517643529
777524435
1709486735
1272358161
295485349
728973819
1996355892
1324835239
295986246
1535003285
1189136817
1352504667
1902652621
2090173258
1156152030
714461386
1870154711
1417238555
1601301818
1900575085
174297845
292311484
1062917974
79634744
1324740944
206231352
791832864
1106486747
726342746
350878500
203628255
1243986275
1128402935
1913114991
368860789
1423888284
494605162
217733033
601239875
790591409
1752736318
1790376692
2143096076
1507905292
1733066303
1151764459
74883030
1455737366
421519366
1676184848
1208828803
595817211
1968496333
124263129
675451956
1145753629
330494482
1467284820
104756728
1056837228
1818163321
308384984
153339856
799082608
74016327
522200645
75487245
568621489
739933678
676727120
1359212898
345186348
319620165
1354825327
1853091640
2052686468
359106138
1927974671
1360940186
780625504
1456675871
422285341
1376442715
1277688556
546548470
2051894671
275958538
877042952
1371695844
380715266
1933880181
1042375517
689100250
2087220037
1841458125
763116577
461937034
1916945370
1331738067
1201870712
446188843
543467317
1547057060
765809008
1898292644
1252665053
671011828
109915134
1033156076
2031952014
890540638
342348299
306753707
119499706
1620036856
853302177
23910729
1895995394
1730345130
1395606573
129227012
1516741663
290498442
818327263
1456478052
2131956568
1581443840
1918415086
1901418290
765698259
972802150
200123485
1309165577
372375562
965932493
1059974573
1625040615
1636944321
1169889708
510713043
1521412687
2060430346
853061343
1828166394
32446404
325614551
533984924
56357134
74126297
116846406
1451963707
203353309
1633588069
1742462150
1021680572
942582473
1726935070
455640765
713513911
1480869712
1221339024
1686316061
1680993198
383020953
2058691623
499442043
1442995527
1536248591
2136386365
465401587
2046961634
1510315404
378348285
752539329
1190998151
410794690
1078153880
1724983075
467151824
1152280177
1841829481
1919115531
1355633487
1327933902
1514094033
229830411
123032727
1093545455
685471176
836546638
426931520
1906810201
375379051
2107924718
142347506
286587026
459883113
1585343033
1822835617
448785830
2050744620
1722313604
1959101235
281609258
327369285
1002615738
692403948
1405523166
580115165
1159555772
410319695
274460998
931187655
1765953182
1602394900
297798041
1995783594
1725427627
1391343496
533771122
414490617
1818275016
293097675
789869668
1778716086
435445182
1076456694
91115552
2020788215
751808664
539901382
1924049188
326638620
351518969
58174798
654007905
1354134707
750578746
2059531071
1934249872
1910134518
322367119
61227222
693838525
2088320301
1663622122
991636566
1936620247
1241566101
235496415
322907722
1656056718
2053771431
616005397
298442738
1685003870
1051450579
1374899433
1776119422
924755147
2126708097
168537156
701320687
305863069
520056126
759495485
959870974
1874190833
1510074231
871918398
1660957058
1272725101
1194285517
1722184280
1966563626
1135122170
1238322755
810716545
924258770
332405208
1046212960
1247166492
1988461927
952500743
1863171889
139421017
490020965
767138821
1514320450
118656739
1691893968
1493544899
287193896
245731007
1799407968
807250022
1005226492
611795295
533957207
367817075
1483713693
47430617
1640542176
530515562
1769614898
1459622154
1665637732
860454005
122855051
442412854
1192859213
1169068011
1689579346
1033837492
2121568755
1405267588
1173258510
464106072
24922761
540095312
582762812
1716816729
2033640212
869956708
1962547736
1685564532
1677206730
820290580
149876179
63680289
1188107655
1633589872
111110907
681166183
16621786
1880725805
2140788337
1682259519
593696162
116159741
2124672373
1786555375
1285227752
1666768072
672909220
1259312859
924552012
1846167730
1723418932
949474773
238779394
158698096
518807854
124935958
1028654804
333871942
1810500491
558377886
1154162522
1960376670
622058175
194786529
1446482895
733169082
875952712
1463104681
466411239
869257401
997880552
1060107401
985417142
975069278
699179129
123161247
494353702
1372088349
1382474106
1418905714
1070772431
958409390
220896839
1309551825
1117107486
739704693
1434487784
2145762290
1073576635
1097504627
556656528
80255509
910397649
1178714704
275042038
209396896
1911883786
1150994750
1672501578
230811378
2020252151
522898482
1290918779
858185646
1497967760
1990097908
981346893
1992321462
1214702609
216337351
1263743528
137991392
1174746742
1484640367
1447543218
144370580
76861412
734547354
142649223
1150438047
1832051981
699305751
1230693556
594965982
1878020455
1505735594
804362879
1642420594
509246696
329380809
1873231972
382015200
852279291
1016667103
1240200846
202763404
859281364
74064091
47601218
2073983973
290401442
1311344747
64491718
1465148184
648501466
1512034936
1609518765
725362879
99098642
1752167988
1875800926
1931150623
303990091
959010835
378632957
34526899
317262781
1182995836
1676947493
826509478
1512376645
1402695817
1208524678
217172289
271879272
301241876
419935693
1131160636
375305967
467536911
1057660962
665707409
1778881658
1122152680
2130855594
279899477
486703968
1592890711
1005262356
585802610
1197575051
733579634
369469585
1501565142
1692590469
748102542
1536092041
2009853251
1931098379
1065555886
688879081
1295991376
320768055
1897403759
1513163665
592647328
51161987
1933099358
1723807964
426467954
253152622
633985278
1092175363
2032034280
1756137958
1075547309
164450109
95358278
520954372
1169712465
681160888
1718529423
1903292100
1050630473
1072610918
1448398921
1798733016
461219311
1310768524
1582347747
1526775198
1999647605
730855475
1847543253
1749567716
96535493
292706933
1800729703
2029634851
2016514898
79714009
135303825
503016528
1171889373
19854458
111670839
99953034
184304567
207029117
620907407
1354017033
888190006
191953182
1109825485
1938820479
1264564100
410740758
1590069847
1725783412
1721509283
1024933946
1105074962
1573673240
1755789422
805134567
1175757309
1852324915
1097841501
829003364
1734476118
966872751
908717374
1869779944
1469889279
2080606747
1889634402
1581560118
33076133
2073938969
1788589236
653983540
1280472354
529295594
845936723
242814191
320632425
2110500823
653554950
1910702273
1688800587
227580585
788152571
646391901
1801253825
396458345
1451526469
829527486
101299612
401884322
1658530851
1835775731
1368757073
419764577
1558072027
691162704
352887676
1300222781
125239175
385963809
1226678102
1913828411
1039947350
359666809
295640357
1885884073
602481000
616272782
1848901248
1256035950
379491407
1390218188
1483616535
1167643979
2036610089
1137386713
1564102324
1340652910
1966914199
1665401937
1742537232
1477961402
1353694020
963810657
1897725979
764282399
1654973362
103130007
2064505180
1780212537
489093817
1143699634
1546557300
1529041167
1503366443
1842197657
1267441592
2105847444
310986791
968859192
1214399746
690478199
211593732
550532634
1858122178
100720174
1687919347
1274740854
1441373084
1507349898
792659143
1036426669
837827653
2146353163
2000237326
588069984
763151914
1507727040
691199992
680173446
1140455929
1180293809
1823873081
539529581
561851328
1179755876
234243590
1829292920
1138119672
545230382
650668464
205035771
1235708581
862262197
755568405
946347111
962982371
296004104
73604317
256871807
1803354002
866263461
1293298476
493698007
865132976
1146052155
1081767992
1628284891
506295547
1772967984
160974689
1646751477
805778145
1984847770
38797410
1367629473
1017119999
273041001
1049438745
7756023
818271383
1700107209
212791794
2053979964
414885758
968360199
852843427
1377868129
1264364303
926447744
1634739937
920234658
1792711205
780554765
1413932665
510360534
1926606920
348217009
2138645425
285418820
2121184993
152136466
1932170297
779479490
2136984237
1970967707
2147108963
1006620588
96525060
1049064060
1014376611
914796443
601687622
1227168406
821292759
1016573380
48044957
1674136186
246957862
1312409261
453100283
1881697799
85160271
98327840
514768916
1499092936
608688374
293892189
1847309946
599850151
579311009
1821011291
751986618
363997658
453007134
741487207
187481717
452632449
1748107795
284006778
1501696510
615000758
1198803221
2103384132
1842169164
2020095981
972473864
1890214122
1546748519
1219431726
1055139735
1999848802
953645877
1140300006
2098176643
1468414794
491909294
559381369
1762306983
191735592
1159231521
194134344
2012746884
1911218139
558132002
318270370
505221698
745613719
770902819
105845845
1029620497
125115681
720846603
80940071
81016165
415532120
2101036052
1053490030
158262594
1500300923
125438108
1213402329
1352666078
1079083986
206218687
1303359073
400015132
698127981
1862740442
14838467
889863574
874488315
208972811
755126810
638222806
767104813
1073397180
1143444504
1512718532
1844299999
1249290349
394855382
1969415681
1970136953
475795453
2050431846
238185425
429347857
956438228
396448019
1929648780
1081876337
1609850348
1134831210
13476675
1816069035
290706635
413491807
366713368
5963430
428330274
1256576942
880451745
637303085
2011703752
1518674552
1404407898
937617284
514635408
769642782
634433636
1763925758
1164498164
456365669
1586579063
1640293617
359313867
1824764488
2069641474
1315752096
73728859
1851806607
250144785
1683579207
839154169
263621460
1352164594
1129860805
677113267
1718877962
1135824235
1105443541
827971257
2016275980
1742746626
692191361
1387466884
999670876
1629808646
1902102293
1769313658
116758634
1518544403
786328175
573124303
957639818
279138144
932438170
634920658
201295971
100706618
708649517
2053102578
350851403
244745076
744773099
614472863
1596909670
1874633904
1291586130
1168303984
862974491
249546023
1996275241
731766824
1992292649
540982955
2119233708
844479877
23307953
1873852353
466309888
140066587
1244913108
1252638063
713190890
55069278
1531776207
1645629060
689989936
1733072178
1746335679
1398639453
1638691108
2097187082
1643384529
235980560
564176298
1092810551
2110614464
1855762428
113630888
826105308
2105308452
2109906129
1557872132
1950117453
503405436
1529622192
647113683
526713389
1255990898
1113423571
666779976
353420358
218577986
1379970866
408489637
1750354193
878116279
1098479573
1335942724
476968310
